RUNNING AAPL1000       
Sell SPLIT: 2014-06-09||||| : 645.570023 : 53 : 30468.620186 : 34215.211219
Sell: 2015-08-11||||| : 113.489998 : 295 : 33508.939978 : 33479.549410
Sell: 2015-08-31||||| : 112.760002 : 307 : 34851.639991 : 34617.320614
Sell: 2015-09-01||||| : 107.720001 : 306 : 34738.879989 : 32962.320306
Sell: 2016-01-27||||| : 93.419998 : 405 : 45792.649960 : 37835.099190
Sell END: 2016-09-27||||| : 113.089996 : 573 : 62897.399960 : 64800.567708
Final: 0.000000
