RUNNING AAPL500        Ìô
Sell: 2016-05-03||||| : 95.180000 : 24 : 2553.709999 : 2284.320000
Sell: 2016-05-16||||| : 93.879997 : 31 : 3198.259994 : 2910.279907
Sell: 2016-07-27||||| : 102.949997 : 79 : 7861.740004 : 8133.049763
Sell: 2016-09-12||||| : 105.440002 : 109 : 11082.810017 : 11492.960218
Sell: 2016-09-14||||| : 111.769997 : 109 : 11085.320012 : 12182.929673
Sell END: 2016-10-06||||| : 113.889999 : 124 : 12789.680012 : 14122.359876
Final: 0.000000
