RUNNING AMZN500        Ìô
Sell: 2016-04-06||||| : 602.080017 : 6 : 3564.020019 : 3612.480102
Sell: 2016-04-29||||| : 659.590027 : 21 : 12807.919983 : 13851.390567
Sell END: 2016-10-06||||| : 841.659973 : 131 : 94901.579650 : 110257.456463
Final: 0.000000
