RUNNING BABA1750       
Buy: 2016-03-03||||| : 71.309998 : 1 : 9928.690002
Buy: 2016-03-04||||| : 70.959999 : 2 : 9857.730003
Buy: 2016-03-16||||| : 72.010002 : 3 : 9785.720001
Buy: 2016-03-24||||| : 75.150002 : 4 : 9710.569999
Sell OLD  : 2016-05-09||||| : 78.940002 : 4 : 289.430001 : 315.760008
Buy: 2016-05-26||||| : 75.589996 : 1 : 9950.740011
Buy: 2016-06-02||||| : 76.650002 : 2 : 9874.090009
Sell OLD  : 2016-07-18||||| : 80.599998 : 2 : 152.239998 : 161.199996
Sell END  : 2016-07-29||||| : 83.370003 : 0 : 0.000000 : 0.000000
Final: 0.000000
