RUNNING BABA3250       ÌÐ
Buy: 2016-03-02||||| : 72.040001 : 1 : 9927.959999
Buy: 2016-03-04||||| : 70.959999 : 2 : 9857.000000
Buy: 2016-03-07||||| : 72.199997 : 3 : 9784.800003
Buy: 2016-03-16||||| : 72.010002 : 4 : 9712.790001
Buy: 2016-03-17||||| : 73.760002 : 5 : 9639.029999
Sell OLD  : 2016-05-02||||| : 76.889999 : 5 : 360.970001 : 384.449995
Buy: 2016-05-24||||| : 79.169998 : 1 : 9944.309996
Buy: 2016-05-26||||| : 75.589996 : 2 : 9868.720000
Sell      : 2016-06-01||||| : 82.000000 : 2 : 154.759994 : 164.000000
Buy: 2016-06-02||||| : 76.650002 : 2 : 9874.069998
Sell OLD  : 2016-07-18||||| : 80.599998 : 2 : 149.409996 : 161.199996
Buy: 2016-07-20||||| : 83.269997 : 1 : 9951.999997
Sell END  : 2016-07-22||||| : 84.000000 : 1 : 83.269997 : 84.000000
Final: 0.000000
