RUNNING BABA1000       
Sell: 2016-05-25||||| : 75.589996 : 58 : 4484.340037 : 4384.219768
Sell: 2016-06-01||||| : 76.690002 : 60 : 4650.070040 : 4601.400120
Sell: 2016-08-16||||| : 96.660004 : 111 : 8802.470011 : 10729.260444
Sell END: 2016-09-27||||| : 108.260002 : 139 : 11618.200008 : 15048.140278
Final: 0.000000
