RUNNING BABA1000       лс
Buy: 2016-03-08||||| : 72.400002 : 1 : 9927.599998
Buy: 2016-03-24||||| : 75.150002 : 2 : 9852.449996
Sell OLD  : 2016-05-09||||| : 78.940002 : 2 : 147.550004 : 157.880004
Buy: 2016-05-25||||| : 78.529999 : 1 : 9931.800001
Buy: 2016-06-01||||| : 82.000000 : 2 : 9849.800001
Buy: 2016-06-24||||| : 76.830002 : 3 : 9772.969999
Sell END  : 2016-07-27||||| : 83.599998 : 3 : 237.360001 : 250.799994
Final: 0.000000
