RUNNING BABA2500       AÕ
Buy: 2016-03-16||||| : 72.010002 : 1 : 9927.989998
Buy: 2016-03-29||||| : 75.599998 : 2 : 9852.390000
Buy: 2016-04-06||||| : 77.300003 : 3 : 9775.089997
Sell OLD  : 2016-05-19||||| : 78.650002 : 3 : 224.910003 : 235.950006
Buy: 2016-05-24||||| : 79.169998 : 1 : 9931.870005
Buy: 2016-05-26||||| : 75.589996 : 2 : 9856.280009
Sell OLD  : 2016-07-12||||| : 81.790001 : 2 : 154.759994 : 163.580002
Buy: 2016-07-18||||| : 80.599998 : 1 : 9939.260013
Sell END  : 2016-07-29||||| : 83.370003 : 1 : 80.599998 : 83.370003
Final: 0.000000
