RUNNING BABA1250       лк
Buy: 2016-03-16||||| : 72.010002 : 1 : 9927.989998
Buy: 2016-04-06||||| : 77.300003 : 2 : 9850.689995
Buy: 2016-05-16||||| : 77.860001 : 3 : 9772.829994
Buy: 2016-05-24||||| : 79.169998 : 4 : 9693.659996
Buy: 2016-05-26||||| : 75.589996 : 5 : 9618.070000
Sell OLD  : 2016-07-12||||| : 81.790001 : 5 : 381.930000 : 408.950005
Sell END  : 2016-07-15||||| : 81.779999 : 0 : 0.000000 : 0.000000
Final: 0.000000
