RUNNING BABA2500       ÌÐ
Buy: 2016-03-02||||| : 72.040001 : 1 : 9927.959999
Buy: 2016-03-04||||| : 70.959999 : 2 : 9857.000000
Buy: 2016-03-07||||| : 72.199997 : 3 : 9784.800003
Buy: 2016-03-16||||| : 72.010002 : 4 : 9712.790001
Buy: 2016-03-17||||| : 73.760002 : 5 : 9639.029999
Sell OLD  : 2016-05-02||||| : 76.889999 : 5 : 360.970001 : 384.449995
Buy: 2016-05-24||||| : 79.169998 : 1 : 9944.309996
Sell      : 2016-05-25||||| : 78.529999 : 1 : 79.169998 : 78.529999
Buy: 2016-05-26||||| : 75.589996 : 1 : 9947.249999
Sell      : 2016-06-01||||| : 82.000000 : 1 : 76.229995 : 82.000000
Buy: 2016-06-02||||| : 76.650002 : 1 : 9952.599997
Sell OLD  : 2016-07-18||||| : 80.599998 : 1 : 70.879997 : 80.599998
Buy: 2016-07-20||||| : 83.269997 : 1 : 9949.929998
Sell END  : 2016-07-22||||| : 84.000000 : 1 : 83.269997 : 84.000000
Final: 0.000000
