RUNNING BABA1000       ÌÝ
Buy: 2016-03-03||||| : 71.309998 : 1 : 9928.690002
Buy: 2016-03-16||||| : 72.010002 : 2 : 9856.680000
Buy: 2016-03-29||||| : 75.599998 : 3 : 9781.080002
Buy: 2016-04-06||||| : 77.300003 : 4 : 9703.779999
Sell OLD  : 2016-05-19||||| : 78.650002 : 4 : 296.220001 : 314.600008
Buy: 2016-07-18||||| : 80.599998 : 1 : 9937.780009
Buy: 2016-08-01||||| : 82.790001 : 2 : 9854.990008
Sell END  : 2016-08-10||||| : 86.010002 : 2 : 163.389999 : 172.020004
Final: 0.000000
