RUNNING BAC1000        
Sell: 2015-09-01||||| : 15.580000 : 364 : 5958.350011 : 5671.120000
Sell: 2016-02-02||||| : 13.230000 : 467 : 7632.230014 : 6178.410000
Sell: 2016-06-24||||| : 13.000000 : 565 : 8973.140014 : 7345.000000
Sell END: 2016-09-27||||| : 15.290000 : 629 : 9918.320014 : 9617.410000
Final: 0.000000
