RUNNING C1000          
Sell: 2015-09-01||||| : 50.939999 : 364 : 18867.409992 : 18542.159636
Sell: 2016-02-02||||| : 40.419998 : 467 : 24109.550012 : 18876.139066
Sell: 2016-06-24||||| : 40.299999 : 565 : 28321.870022 : 22769.499435
Sell: 2016-07-05||||| : 40.779999 : 569 : 28487.170018 : 23203.819431
Sell END: 2016-09-27||||| : 46.369999 : 627 : 31134.640042 : 29073.989373
Final: 0.000000
