RUNNING C2500          ִּ	
Sell: 2011-05-09||||| : 44.160000 : 679 : 4719.420053 : 29984.640000
Sell: 2011-05-10||||| : 44.200001 : 678 : 4675.260053 : 29967.600678
Sell END: 2016-09-30||||| : 47.230000 : 1960 : 61704.200062 : 92570.800000
Final: 0.000000
