RUNNING C500           Ìô
Sell: 2016-04-13||||| : 44.250000 : 11 : 457.010005 : 486.750000
Sell: 2016-05-18||||| : 45.869999 : 34 : 1500.550008 : 1559.579966
Sell: 2016-06-23||||| : 44.459999 : 57 : 2526.990012 : 2534.219943
Sell: 2016-06-28||||| : 40.439999 : 58 : 2561.310012 : 2345.519942
Sell: 2016-06-29||||| : 42.119999 : 57 : 2520.870013 : 2400.839943
Sell: 2016-08-05||||| : 45.720001 : 81 : 3562.590022 : 3703.320081
Sell: 2016-09-30||||| : 47.230000 : 118 : 5293.570029 : 5573.140000
Sell END: 2016-10-06||||| : 49.070000 : 121 : 5438.840030 : 5937.470000
Final: 0.000000
