RUNNING CTSH500        Ìô
Sell: 2016-05-06||||| : 60.549999 : 28 : 1686.340002 : 1695.399972
Sell: 2016-06-20||||| : 61.299999 : 56 : 3401.849990 : 3432.799944
Sell: 2016-06-29||||| : 57.090000 : 61 : 3696.059989 : 3482.490000
Sell: 2016-08-05||||| : 59.709999 : 85 : 5088.249997 : 5075.349915
Sell: 2016-09-12||||| : 56.400002 : 108 : 6410.419997 : 6091.200216
Sell: 2016-10-03||||| : 50.400002 : 121 : 7104.979995 : 6098.400242
Sell: 2016-10-05||||| : 50.900002 : 121 : 7104.669993 : 6158.900242
Sell END: 2016-10-06||||| : 51.209999 : 121 : 7104.979990 : 6196.409879
Final: 0.000000
