RUNNING CXW1000        
Sell: 2014-08-13||||| : 35.389999 : 10 : 318.159998 : 353.899990
Sell OLD: 2014-12-01||||| : 36.560001 : 16 : 521.679999 : 584.960016
Sell: 2016-02-16||||| : 29.420000 : 83 : 2581.530007 : 2441.860000
Sell: 2016-03-07||||| : 30.940001 : 82 : 2552.110007 : 2537.080082
Sell: 2016-05-05||||| : 33.400002 : 86 : 2674.900006 : 2872.400172
Sell: 2016-05-10||||| : 33.669998 : 85 : 2641.500004 : 2861.949830
Sell OLD: 2016-07-05||||| : 33.520000 : 85 : 2639.740006 : 2849.200000
Sell END: 2016-09-30||||| : 13.870000 : 46 : 1022.460002 : 638.020000
Final: 0.000000
