RUNNING CXW1000        
Sell: 2016-08-18||||| : 17.570000 : 607 : 20155.420001 : 10664.990000
Sell: 2016-08-25||||| : 18.139999 : 610 : 20212.690002 : 11065.399390
Sell: 2016-09-27||||| : 14.780000 : 630 : 20531.640004 : 9311.400000
Sell END: 2016-09-27||||| : 14.780000 : 629 : 20516.860004 : 9296.620000
Final: 0.000000
