RUNNING EEM500         Ìô
Sell: 2016-06-28||||| : 33.180000 : 64 : 2149.730007 : 2123.520000
Sell: 2016-09-21||||| : 37.849998 : 121 : 4223.679990 : 4579.849758
Sell END: 2016-10-06||||| : 37.860001 : 131 : 4599.650001 : 4959.660131
Final: 0.000000
