RUNNING EFA500         Ìô
Sell: 2016-06-28||||| : 54.009998 : 64 : 3689.920027 : 3456.639872
Sell: 2016-06-29||||| : 55.000000 : 63 : 3635.910029 : 3465.000000
Sell: 2016-06-30||||| : 55.820000 : 62 : 3580.910029 : 3460.840000
Sell END: 2016-10-06||||| : 58.880001 : 129 : 7471.410023 : 7595.520129
Final: 0.000000
