RUNNING F1000          
Sell: 2014-09-29||||| : 15.110000 : 131 : 2180.699995 : 1979.410000
Sell: 2015-08-31||||| : 13.870000 : 361 : 5673.339995 : 5007.070000
Sell: 2016-06-24||||| : 12.520000 : 565 : 8425.349995 : 7073.800000
Sell: 2016-07-28||||| : 12.710000 : 586 : 8703.719995 : 7448.060000
Sell END: 2016-09-27||||| : 11.980000 : 627 : 9208.699995 : 7511.460000
Final: 0.000000
