RUNNING F500           Ìô
Sell: 2016-04-28||||| : 14.090000 : 22 : 289.750000 : 309.980000
Sell: 2016-06-28||||| : 12.390000 : 62 : 818.030000 : 768.180000
Sell: 2016-08-03||||| : 12.130000 : 85 : 1121.770000 : 1031.050000
Sell: 2016-09-12||||| : 12.700000 : 110 : 1432.140000 : 1397.000000
Sell END: 2016-10-06||||| : 12.390000 : 127 : 1638.020000 : 1573.530000
Final: 0.000000
