RUNNING GE1000         
Sell: 2015-04-13||||| : 27.629999 : 265 : 6826.820014 : 7321.949735
Sell: 2015-08-31||||| : 24.820000 : 361 : 9387.360013 : 8960.020000
Sell: 2015-09-01||||| : 23.879999 : 360 : 9362.540013 : 8596.799640
Sell END: 2016-09-27||||| : 29.879999 : 629 : 17382.000016 : 18794.519371
Final: 0.000000
