RUNNING GOOGL1000      
Sell SPLIT: 2014-04-03||||| : 1135.099984 : 8 : 9067.550077 : 9080.799872
Sell: 2015-07-20||||| : 692.840027 : 324 : 180297.810327 : 224480.168748
Sell: 2015-07-21||||| : 695.349976 : 323 : 179604.970300 : 224598.042248
Sell: 2015-07-22||||| : 695.099976 : 322 : 178909.620324 : 223822.192272
Sell: 2015-07-23||||| : 674.729980 : 321 : 178214.520348 : 216588.323580
Sell: 2016-02-03||||| : 749.380005 : 453 : 272038.380154 : 339469.142265
Sell END: 2016-09-27||||| : 810.729980 : 616 : 394525.420192 : 499409.667680
Final: 0.000000
