RUNNING GPRO2250       Ì
Buy: 2015-12-10||||| : 17.250000 : 1 : 9982.750000
Buy: 2015-12-18||||| : 17.940001 : 2 : 9964.809999
Buy: 2016-01-04||||| : 17.570000 : 3 : 9947.239999
Sell OLD  : 2016-02-18||||| : 13.170000 : 3 : 52.760001 : 39.510000
Buy: 2016-04-13||||| : 12.000000 : 1 : 9974.749999
Sell OLD  : 2016-05-26||||| : 10.200000 : 1 : 12.000000 : 10.200000
Buy: 2016-07-11||||| : 11.110000 : 1 : 9973.839999
Sell END  : 2016-07-15||||| : 12.310000 : 1 : 11.110000 : 12.310000
Final: 0.000000
