RUNNING INTC500        Ìô
Sell: 2016-05-24||||| : 31.059999 : 40 : 1243.559996 : 1242.399960
Sell: 2016-06-29||||| : 31.930000 : 63 : 1975.609996 : 2011.590000
Sell: 2016-06-30||||| : 32.799999 : 62 : 1943.679996 : 2033.599938
Sell: 2016-09-15||||| : 36.560001 : 113 : 3730.170004 : 4131.280113
Sell END: 2016-10-06||||| : 38.070000 : 127 : 4255.370003 : 4834.890000
Final: 0.000000
