RUNNING INTC1000       
Sell: 2014-07-17||||| : 33.700001 : 80 : 2225.130007 : 2696.000080
Sell: 2016-01-15||||| : 29.760000 : 456 : 14607.929986 : 13570.560000
Sell END: 2016-09-27||||| : 37.180000 : 631 : 20285.379981 : 23460.580000
Final: 0.000000
