RUNNING LXK500         Ìô
Sell: 2016-04-07||||| : 33.450001 : 6 : 197.259997 : 200.700006
Sell: 2016-04-20||||| : 37.900002 : 13 : 435.749999 : 492.700026
Sell: 2016-09-30||||| : 39.959999 : 125 : 4574.690005 : 4994.999875
Sell END: 2016-10-06||||| : 40.200001 : 128 : 4695.070006 : 5145.600128
Final: 0.000000
