RUNNING MSFT500        Ìô
Sell: 2016-05-24||||| : 51.590000 : 40 : 2109.569990 : 2063.600000
Sell: 2016-06-28||||| : 49.439999 : 62 : 3236.399989 : 3065.279938
Sell: 2016-06-29||||| : 50.540001 : 61 : 3186.959990 : 3082.940061
Sell: 2016-07-20||||| : 55.910000 : 73 : 3818.779985 : 4081.430000
Sell END: 2016-10-06||||| : 57.740002 : 127 : 6918.429965 : 7332.980254
Final: 0.000000
