RUNNING MSFT1000       
Sell: 2015-01-27||||| : 42.660000 : 213 : 9393.940024 : 9086.580000
Sell: 2015-09-01||||| : 41.820000 : 362 : 16053.980042 : 15138.840000
Sell: 2016-04-22||||| : 51.779999 : 521 : 24279.790033 : 26977.379479
Sell END: 2016-09-27||||| : 57.950001 : 629 : 30112.460004 : 36450.550629
Final: 0.000000
