RUNNING QCOM500        Ìô
Sell: 2016-05-20||||| : 54.520000 : 38 : 1955.080008 : 2071.760000
Sell: 2016-06-28||||| : 52.509998 : 62 : 3256.730006 : 3255.619876
Sell: 2016-07-21||||| : 59.930000 : 76 : 4015.280002 : 4554.680000
Sell: 2016-09-12||||| : 62.250000 : 110 : 6132.529998 : 6847.500000
Sell: 2016-09-29||||| : 67.449997 : 121 : 6823.160007 : 8161.449637
Sell END: 2016-10-06||||| : 67.540001 : 125 : 7092.380008 : 8442.500125
Final: 0.000000
