RUNNING RSX500         Ìô
Sell: 2016-04-06||||| : 16.320000 : 6 : 97.000001 : 97.920000
Sell: 2016-05-10||||| : 16.879999 : 28 : 474.039997 : 472.639972
Sell: 2016-06-23||||| : 17.840000 : 57 : 971.700001 : 1016.880000
Sell: 2016-06-28||||| : 17.080000 : 58 : 987.150002 : 990.640000
Sell: 2016-08-03||||| : 17.840000 : 81 : 1398.279997 : 1445.040000
Sell: 2016-09-28||||| : 18.879999 : 118 : 2084.869998 : 2227.839882
Sell END: 2016-10-06||||| : 19.020000 : 123 : 2179.019998 : 2339.460000
Final: 0.000000
