RUNNING SIRI500        Ìô
Sell: 2016-06-29||||| : 3.920000 : 65 : 255.450000 : 254.800000
Sell: 2016-07-26||||| : 4.350000 : 81 : 321.200000 : 352.350000
Sell END: 2016-10-06||||| : 4.160000 : 131 : 530.600000 : 544.960000
Final: 0.000000
