RUNNING SLV500         Ìô
Sell: 2016-04-11||||| : 15.140000 : 9 : 130.170000 : 136.260000
Sell: 2016-04-19||||| : 16.120001 : 13 : 192.100000 : 209.560013
Sell: 2016-06-03||||| : 15.610000 : 43 : 674.459995 : 671.230000
Sell: 2016-06-08||||| : 16.209999 : 44 : 690.129995 : 713.239956
Sell: 2016-07-21||||| : 18.879999 : 72 : 1188.739993 : 1359.359928
Sell: 2016-07-27||||| : 19.370001 : 74 : 1225.729995 : 1433.380074
Sell: 2016-09-06||||| : 19.049999 : 100 : 1707.829989 : 1904.999900
Sell END: 2016-10-06||||| : 16.440001 : 121 : 2086.410000 : 1989.240121
Final: 0.000000
