RUNNING TWX1000        
Sell: 2014-07-21||||| : 87.360001 : 82 : 5632.009905 : 7163.520082
Sell: 2014-07-22||||| : 86.779999 : 81 : 5544.649904 : 7029.179919
Sell: 2014-08-06||||| : 74.239998 : 90 : 6302.249902 : 6681.599820
Sell: 2015-08-05||||| : 79.800003 : 339 : 26790.019927 : 27052.201017
Sell: 2015-11-04||||| : 72.199997 : 401 : 31285.009911 : 28952.198797
Sell: 2016-01-11||||| : 69.610001 : 444 : 34206.659912 : 30906.840444
Sell END: 2016-09-27||||| : 77.879997 : 623 : 47423.179976 : 48519.238131
Final: 0.000000
