RUNNING TWX500         Ìô
Sell: 2016-06-29||||| : 71.690002 : 65 : 4805.620017 : 4659.850130
Sell: 2016-08-03||||| : 77.830002 : 87 : 6507.600015 : 6771.210174
Sell: 2016-09-27||||| : 77.879997 : 123 : 9336.100039 : 9579.239631
Sell END: 2016-10-06||||| : 79.660004 : 129 : 9812.750042 : 10276.140516
Final: 0.000000
