RUNNING VZ500          Ìô
Sell: 2016-04-27||||| : 51.689999 : 21 : 1097.289997 : 1085.489979
Sell: 2016-06-07||||| : 51.750000 : 47 : 2413.430000 : 2432.250000
Sell END: 2016-10-06||||| : 50.259998 : 131 : 6913.479998 : 6584.059738
Final: 0.000000
