RUNNING WFC1000        Ми
Buy: 2014-03-20||||| : 47.700001 : 1 : 9952.299999
Sell      : 2014-03-21||||| : 49.790001 : 1 : 47.700001 : 49.790001
Buy: 2014-04-11||||| : 47.450001 : 1 : 9954.639999
Sell OLD  : 2014-05-28||||| : 50.529999 : 1 : 45.360001 : 50.529999
Buy: 2015-08-24||||| : 49.200001 : 1 : 9955.969997
Sell      : 2015-08-25||||| : 53.549999 : 1 : 49.200001 : 53.549999
Buy: 2015-09-15||||| : 53.040001 : 1 : 9956.479995
Buy: 2015-09-24||||| : 50.090000 : 2 : 9906.389995
Sell OLD  : 2015-11-06||||| : 56.040001 : 2 : 98.780003 : 112.080002
Buy: 2016-02-09||||| : 45.610001 : 1 : 9972.859996
Buy: 2016-02-11||||| : 44.930000 : 2 : 9927.929996
Buy: 2016-03-01||||| : 47.139999 : 3 : 9880.789997
Sell OLD  : 2016-04-14||||| : 48.299999 : 3 : 137.680000 : 144.899997
Sell END  : 2016-08-11||||| : 48.230000 : 0 : 0.000000 : 0.000000
Final: 0.000000
