RUNNING WFC500         Ìô
Sell: 2016-05-18||||| : 48.650002 : 36 : 1763.260003 : 1751.400072
Sell: 2016-06-28||||| : 46.099998 : 62 : 3027.639998 : 2858.199876
Sell: 2016-10-05||||| : 44.990002 : 129 : 6225.870020 : 5803.710258
Sell END: 2016-10-06||||| : 45.180000 : 129 : 6226.060018 : 5828.220000
Final: 0.000000
