RUNNING XLE500         Ìô
Sell: 2016-04-12||||| : 63.959999 : 10 : 614.599998 : 639.599990
Sell: 2016-04-18||||| : 64.589996 : 12 : 742.850006 : 775.079952
Sell: 2016-06-28||||| : 66.440002 : 60 : 3949.190002 : 3986.400120
Sell: 2016-09-28||||| : 69.779999 : 122 : 8194.079964 : 8513.159878
Sell END: 2016-10-06||||| : 71.019997 : 127 : 8546.899965 : 9019.539619
Final: 0.000000
