RUNNING YHOO1000       
Sell: 2014-05-07||||| : 34.070000 : 31 : 1097.280009 : 1056.170000
Sell: 2014-06-16||||| : 34.810001 : 56 : 1970.220006 : 1949.360056
Sell: 2015-05-19||||| : 40.980000 : 287 : 11903.899983 : 11761.260000
Sell: 2015-08-31||||| : 32.240002 : 357 : 14619.829972 : 11509.680714
Sell END: 2016-09-27||||| : 43.369999 : 627 : 24131.879969 : 27192.989373
Final: 0.000000
